-101.89,64.517
-101.48,56.06
-103.16,46.834
-105.97,34.727
-106.42,20.151
-101.86,5.3425
-91.396,-7.0469
-76.514,-14.724
-60.539,-17.717
-45.53,-18.998
-31.474,-20.372
-17.283,-22.52
-1.4977,-25.076
15.546,-26.338
32.227,-25.748
47.595,-25.254
63.033,-24.968
79.092,-25.134
96.046,-25.014
112.18,-22.758
125.76,-14.743
134.15,-0.99409
135.37,16.081
129.35,32.198
118.3,44.559
104.66,51.946
89.994,54.6
75.594,52.458
61.856,46.441
49.765,36.826
39.895,24.995
32.009,11.707
26.312,-2.4613
21.165,-16.509
12.31,-28.725
-1.7853,-36.421
-18.239,-35.795
-31.969,-28.892
-41.621,-18.097
-46.818,-4.3877
-46.357,11.564
-39.878,26.664
-28.852,38.885
-15.765,47.403
-1.1942,52.23
13.625,53.143
27.842,49.933
40.48,42.905
50.129,31.972
56.328,18.515
58.55,3.904
57.213,-11.024
51.971,-24.972
43.145,-37.055
31.424,-45.832
17.657,-50.732
3.1511,-51.025
-11.149,-46.203
-22.822,-36.177
-30.453,-22.337
-32.558,-7.2703
-29.251,7.7633
-20.733,21.007
-8.318,30.35
5.5735,35.749
19.904,36.357
33.37,32.431
45.299,23.962
54.654,12.294
60.792,-1.4904
63.214,-16.774
62.039,-31.702
56.493,-45.349
47.692,-56.552
35.536,-65.191
21.916,-69.595
7.5986,-68.34
-4.9374,-61.512
-14.117,-49.555
-17.96,-34.667
-16.417,-19.081
-10.263,-4.7252
-0.13519,7.4313
12.593,15.816
26.531,20.043
40.803,20.003
54.63,15.427
66.949,6.4941
76.831,-5.5785
82.922,-19.309
85.47,-33.588
84.481,-47.208
80.186,-60.045
72.151,-70.889
60.609,-78.448
47.362,-81.775
33.645,-80.343
20.685,-75.315
8.7398,-67.344
-0.70248,-55.955
-6.6931,-41.404
-7.0372,-24.944
-0.81474,-9.0178
9.6974,4.1882
21.427,14.095
35.168,20.856
50.512,22.871
66.603,20.091
82.889,16.384
98.838,13.312
113.67,11.676
127.91,10.665
142.05,9.7345
156.81,8.759
172.29,8.5716
187.43,9.3378
202.43,10.032
217.24,11.03
232.53,11.727
248.17,11.815
264.39,11.658
280.12,11.461
295.38,10.829
310.45,9.5452
325.5,7.7997
340.76,5.2921
355.18,1.5164
368.56,-4.5686
381.99,-8.6865
397.7,-6.3996
408.99,7.8954
401.56,23.078
386.9,27.902
372.48,30.589
358.43,33.862
343.98,38.092
329.03,43.598
314.35,52.318
302.18,64.194
292.23,77.147
283.32,89.47
274.03,101.53
263.81,113.31
252.84,124.14
241.58,134.12
230.19,143.62
218.49,153.5
206.78,164.13
194.62,175.77
182.43,187.39
170.69,198.67
159.53,209.67
148.02,220.85
136.17,232.55
124.44,244.87
113.21,256.01
102.66,266.14
92.396,276.03
81.61,286.47
70.161,297.05
58.38,307.19
46.644,316.8
35.214,326.65
23.891,337.13
11.695,347.42
-4.0184,353.65
-17.816,345.52
-21.897,331.1
-25.044,318.58
-31.656,307.65
-43.549,298.95
-59.699,291.29
-76.984,281.74
-92.537,270.9
-105.95,260.58
-118.06,250.98
-129.84,242.06
-141.87,232.85
-153.52,223
-164.21,212.57
-174.63,201.46
-185.22,190.09
-196.08,178.24
-206.97,166.37
-217.66,154.7
-228.38,143.51
-239.52,132.78
-251.01,122.11
-263.2,110.99
-275.65,99.558
-288,88.153
-299.66,77.273
-310.58,66.814
-321.14,56.629
-331.69,46.751
-342.15,36.658
-351.3,25.117
-354.95,10.06
-349.05,-6.0489
-335.15,-17.722
-316.95,-22.153
-299.84,-20.455
-284.38,-18.055
-269.69,-17.452
-254.62,-19.554
-238.23,-23.255
-221.09,-25.544
-203.81,-25.817
-186.95,-24.264
-170.46,-22.261
-153.87,-20.563
-137.09,-19.86
-120.35,-19.814
-104.15,-19.656
-87.994,-19.57
-71.597,-19.742
-54.926,-19.794
-37.962,-19.631
-21.101,-19.399
-4.312,-19.172
12.023,-19.122
28.269,-19.235
44.464,-19.5
60.245,-20.017
76.082,-20.404
91.777,-20.323
107.69,-19.904
123.48,-19.555
139.16,-19.515
154.79,-19.454
170.34,-18.926
186.27,-18.135
201.81,-17.737
217.01,-18.084
232.02,-18.897
247.11,-19.753
262.43,-20.561
277.8,-20.737
293.66,-20.41
309.72,-19.985
325.88,-19.58
341.31,-16.741
355.33,-8.8406
361.68,6.7371
359.02,24.611
351.41,41.022
340.05,53.927
327.3,63.838
314.78,73.308
302.48,83.485
290.96,93.564
279.63,103.48
268.52,112.62
257.06,121.49
245.44,130.56
233.67,140.41
221.75,150.68
209.68,161.08
197.7,171.43
186.3,182.24
175.14,193.99
163.36,205.83
151.42,217.11
139.29,227.91
127.35,238.83
115.16,250.45
103.09,262.21
91.325,273.6
79.692,284.94
68.255,296.28
56.743,307.89
45.129,319.43
33.055,330.39
20.334,340.5
6.5465,348.72
-8.8925,351.33
-20.831,342.87
-27.551,330.1
-34.476,318.11
-45.137,308.65
-59.038,300.13
-74.226,290.41
-88.796,279.39
-101.9,267.97
-113.8,257.25
-125.33,247.24
-136.78,237.46
-147.88,227.97
-158.94,217.72
-169.66,207.06
-180.06,195.87
-190.23,184.98
-200.5,174.19
-211.14,163.26
-221.65,152.28
-232.34,141.41
-243.53,130.5
-254.9,119.71
-266.4,108.9
-277.56,98.34
-288.65,88.018
-299.74,77.541
-310.32,66.856
-321.62,56.404
-333.13,45.835
-344.12,34.841
-353.22,21.575
-354.71,4.3442
-343.31,-11.012
-326.17,-18.258
-309.57,-20.118
-294.42,-19.616
-279.5,-19.19
-264.17,-20.324
-247.5,-22.472
-229.28,-23.786
-211.7,-23.64
-194.9,-22.945
-178.94,-22.296
-163.04,-21.875
-146.91,-21.752
